5657	5616	3
5658	5615	3
5660	5613	3
5661	5612	3
5662	5611	3
5663	5610	3
5664	5609	3
5665	5608	3
5666	5607	3
5668	5606	3
5669	5605	3
5670	5604	3
5667	5585	3
5668	5584	3
5670	5582	3
5671	5581	3
5672	5580	3
5665	5587	2
5652	5648	2
5653	5647	2
5654	5646	2
5655	5645	2
5656	5644	2
5657	5643	2
5658	5642	2
5659	5641	2
5660	5640	2
5663	5637	2
5664	5636	2
5665	5635	2
5666	5634	2
5673	5579	2
5669	5564	2
5671	5562	2
5672	5561	2
5673	5560	2
5717	5562	2
5718	5561	2
5719	5560	2
5722	5557	2
5723	5556	2
5724	5555	2
5725	5554	2
5655	5633	2
5656	5632	2
5657	5631	2
5658	5630	2
5659	5629	2
5660	5628	2
5662	5626	2
5663	5625	2
5664	5624	2
7763	2692	1
7764	2691	1
7765	2690	1
7769	2687	1
7770	2686	1
7771	2685	1
7772	2684	1
7773	2683	1
7774	2668	1
7775	2667	1
7776	2666	1
7777	2665	1
7778	2664	1
7779	2663	1
7782	2662	1
7783	2661	1
7784	2660	1
7785	2659	1
7786	2657	1
7787	2656	1
7788	2655	1
7789	2654	1
7790	2653	1
7792	2598	1
7793	2597	1
7794	2596	1
7795	2595	1
7796	2592	1
7797	2591	1
7798	2590	1
7799	2589	1
7802	2587	1
7803	2586	1
7804	2585	1
7805	2584	1
7806	2581	1
7807	2580	1
7808	2579	1
7809	2578	1
7810	2577	1
7811	2576	1
7812	2575	1
7813	2574	1
7822	2565	1
7823	2564	1
7824	2563	1
7825	2562	1
7826	2561	1
7827	2560	1
7828	2559	1
7829	2558	1
7832	2557	1
7833	2556	1
7834	2555	1
7835	2554	1
7837	2551	1
7838	2550	1
7839	2549	1
7840	2548	1
7843	2547	1
7844	2546	1
7845	2545	1
7846	2544	1
7850	2620	1
7851	2619	1
7852	2618	1
7853	2617	1
10268	10123	1
10269	10122	1
10270	10121	1
10271	10120	1
10273	10118	1
10274	10117	1
10278	10107	1
10279	10106	1
10280	10105	1
10281	10104	1
10282	10103	1
10284	10101	1
10288	10097	1
10290	10095	1
10291	10094	1
10292	10093	1
10293	10092	1
10294	10091	1
10272	10087	1
10273	10086	1
10274	10085	1
10275	10084	1
5651	5643	1
5652	5642	1
5653	5641	1
5657	5639	1
5658	5638	1
5659	5637	1
5660	5636	1
5661	5635	1
5664	5588	1
5656	8256	1
5657	8255	1
5658	8254	1
5659	8253	1
5660	8252	1
5661	8251	1
5665	8250	1
5666	8249	1
5667	8248	1
5668	8247	1
5671	8234	1
5672	8233	1
5673	8232	1
5674	8231	1
5679	8226	1
5680	8225	1
5681	8224	1
5682	8223	1
5678	5576	1
5679	5575	1
5680	5574	1
5681	5573	1
5682	5572	1
5683	5571	1
5652	5584	1
5653	5583	1
5654	5582	1
5655	5580	1
5656	5579	1
5658	5577	1
5659	5576	1
5660	5575	1
5664	5570	1
5665	5569	1
5666	5568	1
5667	5566	1
5668	5565	1
5674	5556	1
5675	5555	1
5676	5554	1
5677	5553	1
5680	5550	1
5681	5549	1
5682	5548	1
5689	5541	1
5690	5540	1
5691	5539	1
5694	5536	1
5695	5535	1
5696	5534	1
5697	5533	1
5672	5600	1
5673	5599	1
5674	5598	1
5679	5596	1
5680	5595	1
5681	5594	1
5682	5593	1
5683	5592	1
5684	5591	1
5685	5590	1
5686	5589	1
5691	5585	1
5692	5584	1
5693	5583	1
5694	5581	1
5695	5580	1
5696	5579	1
5700	5578	1
5701	5577	1
5702	5576	1
5703	5575	1
5704	5574	1
5707	5568	1
5708	5567	1
5709	5566	1
5710	5565	1
5711	5564	1
5713	5563	1
5681	5574	1
5682	5573	1
5683	5572	1
5684	5571	1
5685	5570	1
5686	5568	1
5687	5567	1
5688	5566	1
5689	5565	1
5696	5558	1
5697	5557	1
5698	5556	1
5699	5555	1
5701	5554	1
5702	5553	1
5703	5552	1
5704	5551	1
5705	5550	1
5655	8498	1
5656	8497	1
5657	8495	1
5658	8494	1
5659	8493	1
5660	8492	1
5661	8491	1
5663	8488	1
5664	8487	1
5665	8486	1
5666	8485	1
5667	8484	1
5669	8473	1
5670	8472	1
5671	8471	1
5672	8470	1
5673	8469	1
5674	8468	1
5675	8467	1
5676	8466	1
5677	8465	1
5680	8462	1
5681	8461	1
5682	8460	1
5689	8453	1
5690	8452	1
5691	8451	1
5694	8448	1
5695	8447	1
5696	8446	1
5697	8445	1
5698	8444	1
5699	8443	1
5700	8442	1
5701	8441	1
5702	8440	1
5706	8483	1
5707	8482	1
5708	8481	1
5667	5633	1
5671	5553	1
5672	5552	1
5673	5551	1
5674	5550	1
5679	5545	1
5680	5544	1
5681	5543	1
5682	5542	1
5689	5627	1
5690	5626	1
5692	5624	1
5693	5623	1
5694	5622	1
5695	5621	1
5696	5620	1
5697	5619	1
5700	5618	1
5701	5617	1
5702	5616	1
5703	5615	1
5704	5608	1
5705	5607	1
5706	5606	1
5707	5605	1
5708	5604	1
5709	5602	1
5710	5601	1
5711	5600	1
5712	5599	1
5717	5595	1
5718	5594	1
5723	5589	1
5724	5588	1
5728	5583	1
5729	5582	1
5730	5581	1
5731	5580	1
5733	5579	1
5734	5578	1
5735	5577	1
5736	5576	1
5737	5575	1
5651	5568	1
5652	5567	1
5653	5566	1
5654	5565	1
5656	5563	1
5657	5562	1
5658	5561	1
5664	5560	1
5665	5559	1
5666	5558	1
5669	5557	1
5670	5556	1
5671	5555	1
5672	5554	1
5673	5553	1
5674	5552	1
5675	5551	1
5676	5550	1
5677	5549	1
5680	5546	1
5681	5545	1
5682	5544	1
5689	5537	1
5690	5536	1
5691	5535	1
5694	5532	1
5695	5531	1
5696	5530	1
5697	5529	1
5698	5528	1
5699	5527	1
5700	5526	1
5701	5525	1
5702	5524	1
5703	5521	1
5704	5520	1
5705	5519	1
5706	5513	1
5707	5512	1
5708	5511	1
5710	5509	1
5711	5508	1
5712	5507	1
5713	5506	1
5729	5627	1
5730	5626	1
5731	5625	1
5651	8402	1
5652	8401	1
5653	8400	1
5654	8399	1
5656	8397	1
5657	8396	1
5658	8395	1
5664	8394	1
5665	8393	1
5666	8392	1
5669	8391	1
5670	8390	1
5671	8389	1
5672	8388	1
5673	8387	1
5674	8386	1
5675	8385	1
5676	8384	1
5677	8383	1
5680	8380	1
5681	8379	1
5682	8378	1
5689	8371	1
5690	8370	1
5691	8369	1
5694	8366	1
5695	8365	1
5696	8364	1
5697	8363	1
5698	8362	1
5699	8361	1
5700	8360	1
5701	8359	1
5702	8358	1
5703	8355	1
5704	8354	1
5705	8353	1
5706	8347	1
5707	8346	1
5708	8345	1
5710	8343	1
5711	8342	1
5712	8341	1
5713	8340	1
5717	8478	1
5718	8477	1
5719	8476	1
5720	8475	1
5730	8474	1
5731	8473	1
5732	8472	1
5733	8471	1
5734	8470	1
5735	8469	1
5736	8468	1
5651	5575	1
5652	5574	1
5653	5573	1
5654	5572	1
5656	5570	1
5657	5569	1
5658	5568	1
5664	5567	1
5665	5566	1
5666	5565	1
5670	5563	1
5674	5559	1
5675	5558	1
5676	5557	1
5677	5556	1
5680	5553	1
5681	5552	1
5682	5551	1
5689	5544	1
5690	5543	1
5691	5542	1
5694	5539	1
5695	5538	1
5696	5537	1
5697	5536	1
5698	5535	1
5699	5534	1
5700	5533	1
5701	5532	1
5702	5531	1
5703	5528	1
5704	5527	1
5705	5526	1
5706	5520	1
5707	5519	1
5708	5518	1
5710	5516	1
5711	5515	1
5712	5514	1
5713	5513	1
5717	5628	1
5719	5626	1
5720	5625	1
5651	5534	1
5652	5533	1
5653	5532	1
5654	5531	1
5656	5529	1
5657	5528	1
5658	5527	1
5664	5526	1
5665	5525	1
5666	5524	1
5669	5523	1
5670	5522	1
5671	5521	1
5672	5520	1
5673	5519	1
5674	5518	1
5675	5517	1
5676	5516	1
5677	5515	1
5680	5512	1
5681	5511	1
5682	5510	1
5689	5503	1
5690	5502	1
5691	5501	1
5694	5498	1
5695	5497	1
5696	5496	1
5697	5495	1
5698	5494	1
5699	5493	1
5700	5492	1
5701	5491	1
5702	5490	1
5703	5487	1
5704	5486	1
5705	5485	1
5706	5479	1
5707	5478	1
5708	5477	1
5710	5475	1
5711	5474	1
5712	5473	1
5713	5472	1
5726	5553	1
5651	5639	1
5652	5638	1
5653	5637	1
5666	5621	1
5667	5620	1
5668	5619	1
5669	5618	1
5670	5552	1
5671	5551	1
5672	5550	1
5673	5549	1
5674	5548	1
5675	5547	1
5676	5546	1
5677	5545	1
5680	5542	1
5681	5541	1
5682	5540	1
5689	5533	1
5690	5532	1
5691	5531	1
5694	5528	1
5695	5527	1
5696	5526	1
5697	5525	1
5698	5524	1
5699	5523	1
5700	5522	1
5701	5521	1
5702	5617	1
5703	5616	1
5704	5615	1
5705	5614	1
5709	5607	1
5710	5606	1
5711	5605	1
5712	5604	1
5713	5603	1
5655	5441	1
5656	5440	1
5657	5439	1
5658	5438	1
5659	5437	1
5660	5436	1
5661	5435	1
5662	5434	1
5663	5433	1
5664	5432	1
5665	5431	1
5666	5430	1
5668	5428	1
5669	5427	1
5671	5412	1
5672	5411	1
5673	5410	1
5674	5409	1
5679	5404	1
5680	5403	1
5681	5402	1
5682	5401	1
5654	5490	1
5655	5489	1
5656	5488	1
5657	5484	1
5658	5483	1
5660	5481	1
5661	5480	1
5662	5479	1
5664	5476	1
5665	5475	1
5666	5474	1
5667	5473	1
5668	5472	1
5669	5457	1
5670	5456	1
5671	5455	1
5672	5454	1
5673	5453	1
5674	5452	1
5675	5451	1
5676	5450	1
5677	5449	1
5680	5446	1
5681	5445	1
5682	5444	1
5689	5437	1
5690	5436	1
5691	5435	1
5694	5432	1
5695	5431	1
5696	5430	1
5697	5429	1
5698	5428	1
5699	5427	1
5700	5426	1
5701	5425	1
5702	5424	1
